,,,Round 1,Round 1,,Totals,Totals,Totals,Totals,Totals,Shooting,Shooting,Shooting,Per Game,Per Game,Per Game,Per Game,Advanced,Advanced,Advanced,Advanced
Rk,Pk,Tm,Player,College,Yrs,G,MP,PTS,TRB,AST,FG%,3P%,FT%,MP,PTS,TRB,AST,WS,WS/48,BPM,VORP
1,1,PHI,Ben Simmons,LSU,7,370,11721,5003,2797,2723,.560,.139,.592,31.7,13.5,7.6,7.4,35.3,.145,3.0,14.9
2,2,LAL,Brandon Ingram,Duke,9,495,16316,9656,2566,2130,.468,.363,.788,33.0,19.5,5.2,4.3,27.3,.080,0.1,8.6
3,3,BOS,Jaylen Brown,California,9,594,18218,11295,3169,1562,.478,.359,.725,30.7,19.0,5.3,2.6,39.9,.105,0.3,10.7
4,4,PHO,Dragan Bender,,4,187,3755,1014,720,237,.399,.323,.654,20.1,5.4,3.9,1.3,0.5,.006,-3.9,-1.9
5,5,MIN,Kris Dunn,Providence,9,390,9079,2991,1306,1581,.436,.319,.733,23.3,7.7,3.3,4.1,10.6,.056,-1.2,1.9
6,6,NOP,Buddy Hield,Oklahoma,9,697,19832,10567,2883,1753,.433,.397,.857,28.5,15.2,4.1,2.5,26.9,.065,0.3,11.3
7,7,DEN,Jamal Murray,Kentucky,8,527,16487,9436,1974,2457,.455,.382,.870,31.3,17.9,3.7,4.7,37.5,.109,0.9,12.2
8,8,SAC,Marquese Chriss,Washington,6,292,5338,2206,1366,298,.456,.290,.667,18.3,7.6,4.7,1.0,6.5,.058,-2.4,-0.5
9,9,TOR,Jakob Poeltl,Utah,9,588,13143,5198,4093,1068,.629,.333,.555,22.4,8.8,7.0,1.8,43.4,.159,1.2,10.5
10,10,MIL,Thon Maker,,5,263,3624,1216,726,161,.435,.327,.680,13.8,4.6,2.8,0.6,6.6,.087,-2.1,-0.1
11,11,ORL,Domantas Sabonis,Gonzaga,9,632,19444,10158,6700,3084,.560,.348,.728,30.8,16.1,10.6,4.9,68.2,.168,3.4,26.3
12,12,UTA,Taurean Prince,Baylor,9,564,13882,5581,2035,976,.426,.383,.812,24.6,9.9,3.6,1.7,14.2,.049,-2.1,-0.2
13,13,PHO,Georgios Papagiannis,,2,39,477,160,123,29,.514,.000,.857,12.2,4.1,3.2,0.7,0.4,.044,-3.9,-0.2
14,14,CHI,Denzel Valentine,Michigan State,5,256,4817,1795,857,466,.394,.360,.787,18.8,7.0,3.3,1.8,4.5,.044,-1.9,0.2
15,15,DEN,Juancho Hernangómez,,7,339,5269,1711,1131,216,.428,.342,.676,15.5,5.0,3.3,0.6,8.7,.080,-1.9,0.1
16,16,BOS,Guerschon Yabusele,,3,134,2074,802,429,151,.487,.373,.725,15.5,6.0,3.2,1.1,4.4,.102,-1.2,0.4
17,17,MEM,Wade Baldwin,Vanderbilt,3,56,579,174,69,78,.355,.250,.776,10.3,3.1,1.2,1.4,-0.3,-.028,-5.3,-0.5
18,18,DET,Henry Ellenson,Marquette,5,83,787,342,206,49,.371,.336,.773,9.5,4.1,2.5,0.6,0.4,.023,-3.7,-0.3
19,19,DEN,Malik Beasley,Florida State,9,561,13243,6475,1576,758,.427,.390,.770,23.6,11.5,2.8,1.4,19.5,.071,-0.9,3.6
20,20,IND,Caris LeVert,Michigan,9,510,14202,7088,1931,2061,.437,.346,.737,27.8,13.9,3.8,4.0,23.2,.078,-0.2,6.4
21,21,ATL,DeAndre' Bembry,Saint Joseph's,6,296,5670,1750,950,533,.474,.283,.611,19.2,5.9,3.2,1.8,4.4,.038,-2.3,-0.4
22,22,CHO,Malachi Richardson,Syracuse,3,70,625,198,70,24,.358,.301,.783,8.9,2.8,1.0,0.3,-0.1,-.009,-6.1,-0.7
23,23,BOS,Ante Žižić,,3,113,1517,674,446,64,.581,,.711,13.4,6.0,3.9,0.6,3.5,.110,-2.6,-0.2
24,24,PHI,Timothé Luwawu-Cabarrot,,6,328,5254,1937,656,293,.391,.335,.829,16.0,5.9,2.0,0.9,4.7,.043,-4.0,-2.7
25,25,LAC,Brice Johnson,UNC,2,21,107,47,34,3,.449,.000,.600,5.1,2.2,1.6,0.1,0.1,.062,-0.6,0.0
26,26,PHI,Furkan Korkmaz,,7,328,5447,2244,646,391,.406,.356,.761,16.6,6.8,2.0,1.2,7.6,.067,-2.0,0.1
27,27,TOR,Pascal Siakam,New Mexico State,9,614,19156,11051,4092,2205,.499,.340,.765,31.2,18.0,6.7,3.6,54.4,.136,2.0,19.2
28,28,PHO,Skal Labissière,Kentucky,5,152,2607,1074,665,153,.492,.360,.748,17.2,7.1,4.4,1.0,4.4,.081,-2.3,-0.2
29,29,SAS,Dejounte Murray,Washington,8,503,14745,7803,2925,2718,.453,.340,.790,29.3,15.5,5.8,5.4,26.3,.086,1.4,12.6
30,30,GSW,Damian Jones,Vanderbilt,8,279,3782,1366,869,193,.656,.351,.715,13.6,4.9,3.1,0.7,11.3,.143,-1.0,1.0
31,31,BOS,Deyonta Davis,Michigan State,3,107,1299,454,346,47,.599,.000,.635,12.1,4.2,3.2,0.4,3.6,.131,-2.1,0.0
32,32,LAL,Ivica Zubac,,9,566,12827,5603,4509,735,.613,.083,.726,22.7,9.9,8.0,1.3,47.8,.179,0.7,8.6
33,33,LAC,Cheick Diallo,Kansas,5,183,2186,958,759,78,.596,.286,.774,11.9,5.2,4.1,0.4,6.3,.139,-1.4,0.3
34,34,PHO,Tyler Ulis,Kentucky,3,133,2782,998,223,537,.403,.280,.808,20.9,7.5,1.7,4.0,0.5,.008,-3.6,-1.1
35,35,BOS,Rade Zagorac,,,,,,,,,,,,,,,,,,
36,36,MIL,Malcolm Brogdon,Virginia,9,463,13481,7077,1917,2156,.463,.388,.874,29.1,15.3,4.1,4.7,33.4,.119,1.3,11.2
37,37,HOU,Chinanu Onuaku,Louisville,2,6,74,18,14,4,.583,,1.000,12.3,3.0,2.3,0.7,0.1,.043,-5.4,-0.1
38,38,MIL,Patrick McCaw,UNLV,5,199,3373,760,319,270,.420,.305,.785,16.9,3.8,1.6,1.4,4.4,.062,-2.8,-0.6
39,39,NOP,David Michineau,,,,,,,,,,,,,,,,,,
40,40,NOP,Diamond Stone,Maryland,1,7,24,10,6,0,.231,,1.000,3.4,1.4,0.9,0.0,-0.1,-.211,-20.8,-0.1
41,41,ORL,Stephen Zimmerman,UNLV,1,19,108,23,35,4,.323,,.600,5.7,1.2,1.8,0.2,0.0,-.005,-8.3,-0.2
42,42,UTA,Isaiah Whitehead,Seton Hall,2,89,1823,643,210,212,.411,.305,.788,20.5,7.2,2.4,2.4,-0.9,-.025,-5.0,-1.4
43,43,HOU,Zhou Qi,,2,19,125,24,22,2,.212,.105,.667,6.6,1.3,1.2,0.1,-0.2,-.093,-9.6,-0.2
44,44,ATL,Isaïa Cordinier,,,,,,,,,,,,,,,,,,
45,45,BOS,Demetrius Jackson,Notre Dame,3,26,136,48,19,17,.486,.286,.667,5.2,1.8,0.7,0.7,0.2,.087,-0.5,0.1
46,46,DAL,A.J. Hammons,Purdue,1,22,163,48,36,4,.405,.500,.450,7.4,2.2,1.6,0.2,0.0,-.001,-6.6,-0.2
47,47,ORL,Jake Layman,Maryland,6,243,3099,1175,417,127,.460,.300,.719,12.8,4.8,1.7,0.5,3.8,.059,-2.3,-0.2
48,48,CHI,Paul Zipser,,2,98,1667,458,256,82,.371,.335,.769,17.0,4.7,2.6,0.8,0.0,-.001,-5.2,-1.4
49,49,DET,Michael Gbinije,Syracuse,1,9,32,4,3,2,.100,.000,1.000,3.6,0.4,0.3,0.2,-0.1,-.136,-12.1,-0.1
50,50,IND,Georges Niang,Iowa State,9,528,9171,3875,1326,514,.445,.398,.852,17.4,7.3,2.5,1.0,15.9,.083,-1.6,0.9
51,51,BOS,Ben Bentil,Providence,1,3,10,0,2,0,.000,.000,,3.3,0.0,0.7,0.0,-0.1,-.473,-25.9,-0.1
52,52,UTA,Joel Bolomboy,Weber State,2,18,91,31,27,2,.545,.200,.500,5.1,1.7,1.5,0.1,0.3,.132,-0.1,0.0
53,53,DEN,Petr Cornelie,,1,13,38,14,14,3,.333,.125,.750,2.9,1.1,1.1,0.2,0.0,-.015,-8.8,-0.1
54,54,ATL,Kay Felder,Oakland,2,58,526,223,59,78,.364,.268,.754,9.1,3.8,1.0,1.3,-0.4,-.041,-4.7,-0.4
55,55,BRK,Marcus Paige,UNC,1,5,28,12,4,3,.286,.250,1.000,5.6,2.4,0.8,0.6,0.0,-.006,-8.8,0.0
56,56,DEN,Daniel Hamilton,UConn,2,25,232,69,52,30,.394,.357,.500,9.3,2.8,2.1,1.2,0.0,.000,-3.3,-0.1
57,57,MEM,Wang Zhelin,,,,,,,,,,,,,,,,,,
58,58,BOS,Abdel Nader,Iowa State,5,202,2583,926,376,110,.428,.357,.718,12.8,4.6,1.9,0.5,2.8,.052,-2.6,-0.4
59,59,SAC,Isaiah Cousins,Oklahoma,,,,,,,,,,,,,,,,,
60,60,UTA,Tyrone Wallace,California,4,112,1714,566,236,127,.422,.207,.656,15.3,5.1,2.1,1.1,0.1,.003,-5.2,-1.4