,,,Round 1,Round 1,,Totals,Totals,Totals,Totals,Totals,Shooting,Shooting,Shooting,Per Game,Per Game,Per Game,Per Game,Advanced,Advanced,Advanced,Advanced
Rk,Pk,Tm,Player,College,Yrs,G,MP,PTS,TRB,AST,FG%,3P%,FT%,MP,PTS,TRB,AST,WS,WS/48,BPM,VORP
1,1,PHI,Markelle Fultz,Washington,8,243,6015,2621,804,1093,.471,.274,.732,24.8,10.8,3.3,4.5,8.4,.067,-1.2,1.2
2,2,LAL,Lonzo Ball,UCLA,6,287,8964,3262,1565,1678,.398,.362,.599,31.2,11.4,5.5,5.8,12.6,.067,0.9,6.7
3,3,BOS,Jayson Tatum,Duke,8,573,19753,13481,4201,2161,.460,.372,.839,34.5,23.5,7.3,3.8,64.0,.155,3.8,28.8
4,4,PHO,Josh Jackson,Kansas,5,291,6718,3276,1159,534,.416,.292,.680,23.1,11.3,4.0,1.8,-1.7,-.012,-3.8,-3.1
5,5,SAC,De'Aaron Fox,Kentucky,8,530,17620,11367,2073,3251,.470,.330,.746,33.2,21.4,3.9,6.1,34.0,.093,0.8,12.6
6,6,ORL,Jonathan Isaac,Florida State,6,262,5468,2041,1314,210,.443,.326,.754,20.9,7.8,5.0,0.8,13.3,.117,0.9,4.1
7,7,MIN,Lauri Markkanen,Arizona,8,446,13861,8138,3187,654,.456,.372,.867,31.1,18.2,7.1,1.5,33.5,.116,1.1,10.6
8,8,NYK,Frank Ntilikina,,7,321,5454,1535,563,693,.369,.320,.762,17.0,4.8,1.8,2.2,0.3,.003,-4.4,-3.4
9,9,DAL,Dennis Smith Jr.,NC State,7,326,7601,3160,967,1381,.407,.298,.674,23.3,9.7,3.0,4.2,2.3,.015,-2.1,-0.2
10,10,SAC,Zach Collins,Gonzaga,7,361,6860,2907,1734,656,.481,.333,.764,19.0,8.1,4.8,1.8,11.3,.079,-1.5,0.9
11,11,CHO,Malik Monk,Kentucky,8,511,11607,6265,1332,1605,.434,.351,.848,22.7,12.3,2.6,3.1,15.3,.063,-0.9,3.0
12,12,DET,Luke Kennard,Duke,8,445,10403,4407,1258,1003,.457,.440,.879,23.4,9.9,2.8,2.3,23.1,.106,0.0,5.4
13,13,DEN,Donovan Mitchell,Louisville,8,528,17886,13071,2262,2461,.450,.368,.840,33.9,24.8,4.3,4.7,51.0,.137,3.5,24.8
14,14,MIA,Bam Adebayo,Kentucky,8,551,16821,8619,4897,1977,.539,.277,.755,30.5,15.6,8.9,3.6,56.0,.160,2.5,19.2
15,15,POR,Justin Jackson,UNC,7,280,4886,1676,654,285,.423,.319,.796,17.5,6.0,2.3,1.0,5.3,.052,-2.8,-1.0
16,16,CHI,Justin Patton,Creighton,4,22,296,86,60,19,.404,.250,.667,13.5,3.9,2.7,0.9,0.4,.066,-2.8,-0.1
17,17,MIL,D.J. Wilson,Michigan,6,148,1818,657,454,110,.422,.331,.618,12.3,4.4,3.1,0.7,2.9,.077,-2.4,-0.2
18,18,IND,T.J. Leaf,UCLA,4,146,1238,477,283,43,.492,.341,.585,8.5,3.3,1.9,0.3,2.7,.104,-1.8,0.1
19,19,ATL,John Collins,Wake Forest,8,471,13711,7531,3798,697,.545,.363,.792,29.1,16.0,8.1,1.5,39.3,.138,0.7,9.2
20,20,POR,Harry Giles,Duke,4,165,1935,888,573,180,.508,.244,.661,11.7,5.4,3.5,1.1,3.1,.076,-2.5,-0.2
21,21,OKC,Terrance Ferguson,,4,204,4000,924,263,144,.404,.334,.753,19.6,4.5,1.3,0.7,4.4,.053,-4.0,-2.1
22,22,BRK,Jarrett Allen,Texas,8,550,15552,7043,5095,915,.639,.167,.715,28.3,12.8,9.3,1.7,64.7,.200,2.3,17.0
23,23,TOR,OG Anunoby,Indiana,8,476,14272,5960,2062,792,.473,.374,.754,30.0,12.5,4.3,1.7,29.3,.099,0.1,7.4
24,24,UTA,Tyler Lydon,Syracuse,2,26,96,23,18,6,.500,.400,.333,3.7,0.9,0.7,0.2,0.2,.084,-4.3,-0.1
25,25,ORL,Anžejs Pasečņiks,,2,28,443,156,108,19,.521,.000,.586,15.8,5.6,3.9,0.7,0.4,.038,-6.2,-0.5
26,26,POR,Caleb Swanigan,Purdue,3,75,655,169,218,56,.438,.118,.614,8.7,2.3,2.9,0.7,-0.2,-.015,-6.2,-0.7
27,27,BRK,Kyle Kuzma,Utah,8,522,16280,8939,3331,1403,.449,.334,.723,31.2,17.1,6.4,2.7,14.2,.042,-1.4,2.3
28,28,LAL,Tony Bradley,UNC,7,182,2003,798,732,91,.633,.500,.671,11.0,4.4,4.0,0.5,7.6,.182,0.3,1.2
29,29,SAS,Derrick White,Colorado,8,480,13599,6178,1732,1976,.449,.369,.854,28.3,12.9,3.6,4.1,38.1,.134,2.1,14.2
30,30,UTA,Josh Hart,Villanova,8,514,15539,5307,3563,1574,.472,.343,.756,30.2,10.3,6.9,3.1,35.1,.108,0.4,9.4
31,31,CHO,Frank Jackson,Duke,5,214,3873,1816,392,222,.421,.332,.786,18.1,8.5,1.8,1.0,2.5,.031,-3.9,-1.9
32,32,PHO,Davon Reed,Miami (FL),4,122,1299,373,212,92,.408,.385,.667,10.6,3.1,1.7,0.8,1.5,.054,-2.9,-0.3
33,33,ORL,Wes Iwundu,Kansas State,5,226,3827,989,555,208,.408,.292,.798,16.9,4.4,2.5,0.9,4.2,.053,-3.9,-1.8
34,34,SAC,Frank Mason III,Kansas,4,103,1616,695,204,272,.396,.301,.755,15.7,6.7,2.0,2.6,1.2,.035,-2.7,-0.3
35,35,ORL,Ivan Rabb,California,2,85,1237,485,364,86,.555,.200,.743,14.6,5.7,4.3,1.0,3.2,.125,-1.7,0.1
36,36,PHI,Jonah Bolden,,2,51,686,217,174,40,.486,.340,.484,13.5,4.3,3.4,0.8,1.4,.098,-1.3,0.1
37,37,BOS,Semi Ojeleye,SMU,5,284,4111,975,613,126,.384,.344,.717,14.5,3.4,2.2,0.4,5.2,.060,-3.4,-1.5
38,38,CHI,Jordan Bell,Oregon,5,161,1937,593,497,201,.552,.200,.636,12.0,3.7,3.1,1.2,4.9,.121,0.2,1.1
39,39,PHI,Jawun Evans,Oklahoma State,2,56,843,237,96,110,.345,.263,.776,15.1,4.2,1.7,2.0,-0.4,-.022,-5.4,-0.7
40,40,NOP,Dwayne Bacon,Florida State,4,207,4012,1503,537,230,.402,.314,.780,19.4,7.3,2.6,1.1,0.8,.010,-5.1,-3.1
41,41,ATL,Tyler Dorsey,Oregon,3,107,1680,710,245,135,.392,.351,.669,15.7,6.6,2.3,1.3,1.1,.031,-3.0,-0.5
42,42,UTA,Thomas Bryant,Indiana,8,314,5652,2849,1643,322,.587,.355,.773,18.0,9.1,5.2,1.0,19.8,.168,1.1,4.5
43,43,HOU,Isaiah Hartenstein,,7,366,7027,2434,2306,710,.591,.265,.686,19.2,6.7,6.3,1.9,26.5,.181,2.0,7.0
44,44,NYK,Damyean Dotson,Oregon,5,213,4242,1594,532,315,.417,.345,.711,19.9,7.5,2.5,1.5,3.0,.034,-2.8,-0.9
45,45,HOU,Dillon Brooks,Oregon,8,478,14077,6757,1558,953,.417,.353,.804,29.4,14.1,3.3,2.0,13.7,.047,-3.5,-5.3
46,46,PHI,Sterling Brown,SMU,6,268,4458,1431,891,268,.419,.363,.796,16.6,5.3,3.3,1.0,6.6,.071,-2.1,-0.1
47,47,IND,Ike Anigbogu,UCLA,2,14,36,13,12,1,.333,,.833,2.6,0.9,0.9,0.1,0.0,.057,-1.1,0.0
48,48,MIL,Sindarius Thornwell,South Carolina,4,160,1721,401,206,111,.407,.340,.672,10.8,2.5,1.3,0.7,1.1,.032,-3.1,-0.5
49,49,DEN,Vlatko Čančar,,5,135,1427,470,227,114,.481,.363,.847,10.6,3.5,1.7,0.8,2.5,.085,-2.2,-0.1
50,50,PHI,Mathias Lessort,,,,,,,,,,,,,,,,,,
51,51,DEN,Monte Morris,Iowa State,8,415,9759,3941,979,1503,.473,.386,.826,23.5,9.5,2.4,3.6,24.4,.120,0.2,5.5
52,52,NOP,Edmond Sumner,Xavier,5,161,2256,997,244,182,.470,.341,.811,14.0,6.2,1.5,1.1,3.2,.069,-3.0,-0.6
53,53,BOS,Kadeem Allen,Arizona,3,47,640,258,71,109,.435,.349,.757,13.6,5.5,1.5,2.3,1.0,.075,-1.2,0.1
54,54,PHO,Alec Peters,Valparaiso,1,20,225,82,37,12,.378,.310,.800,11.3,4.1,1.9,0.6,0.3,.055,-2.8,0.0
55,55,UTA,Nigel Williams-Goss,Gonzaga,1,10,50,14,6,6,.313,.286,1.000,5.0,1.4,0.6,0.6,0.0,.017,-3.9,0.0
56,56,BOS,Jabari Bird,California,1,13,115,39,19,8,.577,.429,.462,8.8,3.0,1.5,0.6,0.2,.098,-3.1,0.0
57,57,BRK,Sasha Vezenkov,,1,42,511,225,96,19,.440,.375,.800,12.2,5.4,2.3,0.5,1.0,.098,-0.9,0.1
58,58,NYK,Ognjen Jaramaz,,,,,,,,,,,,,,,,,,
59,59,SAS,Jaron Blossomgame,Clemson,1,27,439,114,98,13,.443,.256,.769,16.3,4.2,3.6,0.5,0.3,.030,-3.8,-0.2
60,60,ATL,Alpha Kaba,,,,,,,,,,,,,,,,,,