,,,Round 1,Round 1,,Totals,Totals,Totals,Totals,Totals,Shooting,Shooting,Shooting,Per Game,Per Game,Per Game,Per Game,Advanced,Advanced,Advanced,Advanced
Rk,Pk,Tm,Player,College,Yrs,G,MP,PTS,TRB,AST,FG%,3P%,FT%,MP,PTS,TRB,AST,WS,WS/48,BPM,VORP
1,1,PHO,Deandre Ayton,Arizona,7,398,12272,6542,4167,649,.590,.230,.755,30.8,16.4,10.5,1.6,37.5,.147,0.8,8.6
2,2,SAC,Marvin Bagley III,Duke,7,280,6414,3448,1868,249,.518,.293,.691,22.9,12.3,6.7,0.9,12.4,.093,-1.6,0.6
3,3,ATL,Luka Dončić,,7,434,15137,12383,3756,3585,.468,.347,.748,34.9,28.5,8.7,8.3,54.7,.173,7.6,36.7
4,4,MEM,Jaren Jackson Jr.,Michigan State,7,392,11164,7218,2186,580,.467,.348,.791,28.5,18.4,5.6,1.5,28.1,.121,1.0,8.5
5,5,DAL,Trae Young,Oklahoma,7,467,16055,11808,1636,4560,.432,.350,.872,34.4,25.3,3.5,9.8,41.2,.123,2.6,18.4
6,6,ORL,Mo Bamba,Texas,7,360,6054,2451,1955,304,.477,.357,.681,16.8,6.8,5.4,0.8,15.5,.123,0.0,3.1
7,7,CHI,Wendell Carter Jr.,Duke,7,368,10048,4420,3076,746,.510,.317,.728,27.3,12.0,8.4,2.0,26.0,.124,-0.3,4.4
8,8,CLE,Collin Sexton,Alabama,7,394,11806,7405,1113,1452,.469,.386,.840,30.0,18.8,2.8,3.7,15.5,.063,-1.4,1.8
9,9,NYK,Kevin Knox,Kentucky,7,313,5573,2304,887,232,.392,.340,.723,17.8,7.4,2.8,0.7,0.9,.008,-4.4,-3.4
10,10,PHI,Mikal Bridges,Villanova,7,538,17898,7863,2150,1433,.482,.371,.840,33.3,14.6,4.0,2.7,40.3,.108,0.7,12.1
11,11,CHO,Shai Gilgeous-Alexander,Kentucky,7,449,14851,10873,2154,2267,.501,.354,.861,33.1,24.2,4.8,5.0,57.8,.187,5.4,27.6
12,12,LAC,Miles Bridges,Michigan State,6,410,12664,6401,2537,1076,.464,.343,.825,30.9,15.6,6.2,2.6,21.5,.081,0.0,6.3
13,13,LAC,Jerome Robinson,Boston College,4,135,1685,545,214,136,.361,.297,.711,12.5,4.0,1.6,1.0,-0.2,-.004,-4.8,-1.2
14,14,DEN,Michael Porter Jr.,Missouri,6,330,9531,5343,2098,451,.501,.409,.791,28.9,16.2,6.4,1.4,25.4,.128,0.8,6.6
15,15,WAS,Troy Brown Jr.,Oregon,6,356,6778,2196,1288,508,.423,.351,.783,19.0,6.2,3.6,1.4,8.6,.061,-1.8,0.4
16,16,PHO,Zhaire Smith,Texas Tech,2,13,143,48,15,12,.378,.316,.667,11.0,3.7,1.2,0.9,0.0,.011,-6.1,-0.1
17,17,MIL,Donte DiVincenzo,Villanova,7,401,10251,4291,1731,1147,.426,.379,.773,25.6,10.7,4.3,2.9,22.9,.107,1.0,7.9
18,18,SAS,Lonnie Walker IV,Miami (FL),7,331,6740,3253,760,487,.420,.355,.796,20.4,9.8,2.3,1.5,4.5,.032,-2.6,-1.1
19,19,ATL,Kevin Huerter,Maryland,7,467,13073,5380,1584,1355,.439,.375,.760,28.0,11.5,3.4,2.9,18.2,.067,-1.0,3.4
20,20,MIN,Josh Okogie,Georgia Tech,7,408,7827,2578,1213,471,.408,.300,.747,19.2,6.3,3.0,1.2,11.4,.070,-1.8,0.3
21,21,UTA,Grayson Allen,Duke,7,392,10000,4138,1187,791,.451,.415,.857,25.5,10.6,3.0,2.0,22.5,.108,0.1,5.2
22,22,CHI,Chandler Hutchison,Boise State,4,103,1790,558,376,79,.442,.309,.643,17.4,5.4,3.7,0.8,1.1,.030,-3.9,-0.9
23,23,IND,Aaron Holiday,UCLA,7,434,7185,2805,692,879,.420,.379,.852,16.6,6.5,1.6,2.0,9.5,.063,-2.0,-0.1
24,24,POR,Anfernee Simons,,7,381,10165,5700,954,1228,.432,.383,.880,26.7,15.0,2.5,3.2,12.2,.058,-1.1,2.2
25,25,LAL,Moritz Wagner,Michigan,7,363,6051,3328,1436,439,.525,.324,.807,16.7,9.2,4.0,1.2,16.9,.134,0.2,3.4
26,26,PHI,Landry Shamet,Wichita State,7,380,8004,3152,629,587,.411,.383,.834,21.1,8.3,1.7,1.5,12.6,.075,-2.0,0.0
27,27,BOS,Robert Williams,Texas A&M,7,235,4754,1691,1603,325,.723,.143,.674,20.2,7.2,6.8,1.4,23.8,.241,4.6,7.9
28,28,GSW,Jacob Evans,Cincinnati,2,59,622,168,66,54,.337,.315,.833,10.5,2.8,1.1,0.9,-0.6,-.047,-7.4,-0.8
29,29,BRK,Džanan Musa,,2,49,526,211,91,45,.376,.227,.726,10.7,4.3,1.9,0.9,0.0,.003,-4.6,-0.4
30,30,ATL,Omari Spellman,Villanova,2,95,1691,642,413,94,.417,.366,.766,17.8,6.8,4.3,1.0,2.4,.068,-1.5,0.2
31,31,PHO,Elie Okobo,,2,108,1677,523,188,242,.395,.315,.737,15.5,4.8,1.7,2.2,0.5,.014,-4.1,-0.9
32,32,MEM,Jevon Carter,West Virginia,7,406,6186,2103,676,642,.396,.382,.799,15.2,5.2,1.7,1.6,8.5,.066,-1.4,0.9
33,33,DAL,Jalen Brunson,Villanova,7,483,14101,8737,1543,2426,.489,.390,.824,29.2,18.1,3.2,5.0,45.3,.154,2.3,15.3
34,34,ATL,Devonte' Graham,Kansas,6,336,8359,3733,758,1448,.371,.354,.812,24.9,11.1,2.3,4.3,12.7,.073,-0.5,3.2
35,35,ORL,Melvin Frazier,Tulane,3,32,290,87,28,5,.340,.209,.533,9.1,2.7,0.9,0.2,-0.4,-.062,-10.0,-0.6
36,36,NYK,Mitchell Robinson,,7,325,7902,2572,2559,201,.701,,.520,24.3,7.9,7.9,0.6,34.1,.207,2.1,8.2
37,37,SAC,Gary Trent Jr.,Duke,7,397,11203,5462,948,576,.423,.389,.821,28.2,13.8,2.4,1.5,18.2,.078,-1.1,2.4
38,38,PHI,Khyri Thomas,Creighton,3,39,409,160,39,36,.388,.316,.750,10.5,4.1,1.0,0.9,0.5,.058,-2.7,-0.1
39,39,PHI,Isaac Bonga,,4,143,1871,439,320,118,.432,.300,.759,13.1,3.1,2.2,0.8,1.7,.044,-3.6,-0.7
40,40,BRK,Rodions Kurucs,,3,131,2103,780,406,113,.444,.329,.739,16.1,6.0,3.1,0.9,2.3,.052,-2.8,-0.4
41,41,ORL,Jarred Vanderbilt,Kentucky,7,292,5919,1742,1850,417,.565,.298,.638,20.3,6.0,6.3,1.4,16.3,.133,0.2,3.2
42,42,DET,Bruce Brown,Miami (FL),7,444,11031,3908,1870,1080,.476,.332,.768,24.8,8.8,4.2,2.4,19.5,.085,-1.4,1.6
43,43,DEN,Justin Jackson,Maryland,,,,,,,,,,,,,,,,,
44,44,WAS,Issuf Sanon,,,,,,,,,,,,,,,,,,
45,45,BRK,Hamidou Diallo,Kentucky,6,265,4918,2272,1009,283,.495,.274,.623,18.6,8.6,3.8,1.1,6.2,.060,-2.1,-0.1
46,46,HOU,De'Anthony Melton,USC,7,356,8147,3231,1316,988,.410,.369,.779,22.9,9.1,3.7,2.8,14.2,.084,0.6,5.3
47,47,LAL,Svi Mykhailiuk,Kansas,7,320,5164,2088,564,438,.402,.360,.763,16.1,6.5,1.8,1.4,4.1,.038,-2.4,-0.6
48,48,MIN,Keita Bates-Diop,Ohio State,6,283,4566,1697,848,241,.474,.333,.751,16.1,6.0,3.0,0.9,7.4,.078,-1.6,0.5
49,49,SAS,Chimezie Metu,USC,6,260,3565,1522,908,197,.495,.298,.787,13.7,5.9,3.5,0.8,5.7,.076,-1.6,0.3
50,50,IND,Alize Johnson,Missouri State,5,76,568,189,228,32,.481,.227,.711,7.5,2.5,3.0,0.4,1.3,.108,-2.4,-0.1
51,51,NOP,Tony Carr,Penn State,,,,,,,,,,,,,,,,,
52,52,UTA,Vince Edwards,Purdue,1,2,16,3,2,0,.250,.250,,8.0,1.5,1.0,0.0,0.0,-.014,-6.4,0.0
53,53,OKC,Devon Hall,Virginia,1,11,81,20,7,13,.200,.235,.500,7.4,1.8,0.6,1.2,-0.2,-.116,-6.7,-0.1
54,54,DAL,Shake Milton,SMU,7,349,6572,2856,765,845,.452,.360,.825,18.8,8.2,2.2,2.4,11.8,.086,-1.9,0.1
55,55,CHO,Arnoldas Kulboka,,1,2,5,0,0,0,.000,.000,,2.5,0.0,0.0,0.0,0.0,-.217,-21.8,0.0
56,56,PHI,Ray Spalding,Louisville,2,16,167,58,52,5,.529,.000,.286,10.4,3.6,3.3,0.3,0.1,.024,-6.2,-0.2
57,57,OKC,Kevin Hervey,UT Arlington,1,10,52,17,12,5,.259,.150,,5.2,1.7,1.2,0.5,-0.1,-.085,-5.1,0.0
58,58,DEN,Thomas Welsh,UCLA,1,11,36,18,4,5,.538,.429,.500,3.3,1.6,0.4,0.5,0.1,.162,1.2,0.0
59,59,PHO,George King,Colorado,2,5,25,1,6,0,.000,.000,.500,5.0,0.2,1.2,0.0,-0.1,-.225,-17.2,-0.1
60,60,PHI,Kostas Antetokounmpo,Dayton,3,22,87,21,23,3,.375,,.474,4.0,1.0,1.0,0.1,-0.2,-.098,-9.9,-0.2