,,,Round 1,Round 1,,Totals,Totals,Totals,Totals,Totals,Shooting,Shooting,Shooting,Per Game,Per Game,Per Game,Per Game,Advanced,Advanced,Advanced,Advanced
Rk,Pk,Tm,Player,College,Yrs,G,MP,PTS,TRB,AST,FG%,3P%,FT%,MP,PTS,TRB,AST,WS,WS/48,BPM,VORP
1,1,NOP,Zion Williamson,Duke,5,210,6595,5178,1386,892,.588,.327,.688,31.4,24.7,6.6,4.2,23.8,.173,4.8,11.4
2,2,MEM,Ja Morant,Murray State,6,298,9506,6671,1409,2209,.467,.312,.766,31.9,22.4,4.7,7.4,23.1,.117,2.6,11.2
3,3,NYK,RJ Barrett,Duke,6,380,12632,7170,2118,1251,.441,.348,.701,33.2,18.9,5.6,3.3,13.2,.050,-1.7,0.8
4,4,LAL,De'Andre Hunter,Virginia,6,312,9443,4624,1275,477,.451,.373,.820,30.3,14.8,4.1,1.5,11.0,.056,-2.7,-1.7
5,5,CLE,Darius Garland,Vanderbilt,6,367,12209,6912,955,2451,.453,.390,.867,33.3,18.8,2.6,6.7,23.5,.092,0.2,6.9
6,6,PHO,Jarrett Culver,Texas Tech,4,144,2480,934,402,173,.401,.276,.509,17.2,6.5,2.8,1.2,-0.1,-.001,-4.5,-1.6
7,7,CHI,Coby White,UNC,6,406,12025,6003,1467,1548,.429,.368,.860,29.6,14.8,3.6,3.8,16.0,.064,-1.7,1.0
8,8,ATL,Jaxson Hayes,Texas,6,351,5695,2368,1356,243,.644,.263,.710,16.2,6.7,3.9,0.7,19.2,.162,-0.3,2.4
9,9,WAS,Rui Hachimura,Gonzaga,6,328,9081,4208,1604,431,.495,.379,.763,27.7,12.8,4.9,1.3,15.1,.080,-2.0,0.1
10,10,ATL,Cam Reddish,Duke,6,252,5847,2149,674,297,.399,.322,.821,23.2,8.5,2.7,1.2,3.4,.028,-3.1,-1.6
11,11,MIN,Cameron Johnson,UNC,6,331,8745,4234,1295,615,.452,.394,.845,26.4,12.8,3.9,1.9,22.1,.122,1.5,7.8
12,12,CHO,P.J. Washington,Kentucky,6,380,11597,4942,2220,857,.445,.356,.711,30.5,13.0,5.8,2.3,14.6,.060,-1.2,2.4
13,13,MIA,Tyler Herro,Kentucky,6,345,11211,6598,1731,1383,.444,.381,.868,32.5,19.1,5.0,4.0,17.9,.077,0.5,7.1
14,14,BOS,Romeo Langford,Indiana,4,141,2268,650,298,97,.430,.288,.659,16.1,4.6,2.1,0.7,2.0,.043,-3.4,-0.8
15,15,DET,Sekou Doumbouya,,3,96,1639,542,267,66,.388,.256,.693,17.1,5.6,2.8,0.7,-0.4,-.013,-6.5,-1.8
16,16,ORL,Chuma Okeke,Auburn,5,190,3834,1189,705,276,.383,.318,.789,20.2,6.3,3.7,1.5,4.4,.055,-1.1,0.9
17,17,BRK,Nickeil Alexander-Walker,Virginia Tech,6,365,7550,3105,885,825,.413,.363,.736,20.7,8.5,2.4,2.3,9.1,.058,-1.3,1.3
18,18,IND,Goga Bitadze,,6,304,4395,1664,1253,344,.541,.235,.662,14.5,5.5,4.1,1.1,13.9,.151,0.7,3.0
19,19,SAS,Luka Šamanić,,4,86,921,384,210,55,.411,.247,.706,10.7,4.5,2.4,0.6,0.0,.001,-5.6,-0.8
20,20,BOS,Matisse Thybulle,Washington,5,332,6957,1586,658,360,.435,.338,.679,21.0,4.8,2.0,1.1,13.2,.091,0.7,4.7
21,21,OKC,Brandon Clarke,Gonzaga,6,302,6310,3088,1663,404,.604,.266,.697,20.9,10.2,5.5,1.3,24.3,.185,2.4,7.0
22,22,BOS,Grant Williams,Tennessee,6,380,8710,2724,1393,552,.452,.377,.774,22.9,7.2,3.7,1.5,15.6,.086,-1.9,0.3
23,23,UTA,Darius Bazley,,5,237,5536,2113,1244,282,.414,.309,.677,23.4,8.9,5.2,1.2,3.1,.027,-2.4,-0.6
24,24,PHI,Ty Jerome,Virginia,6,219,3923,1823,451,608,.449,.377,.862,17.9,8.3,2.1,2.8,9.1,.111,0.2,2.1
25,25,POR,Nassir Little,UNC,5,237,3735,1313,688,170,.452,.330,.735,15.8,5.5,2.9,0.7,4.7,.061,-2.6,-0.5
26,26,CLE,Dylan Windler,Belmont,4,101,1090,319,212,78,.425,.347,.800,10.8,3.2,2.1,0.8,1.6,.072,-1.4,0.2
27,27,BRK,Mfiondu Kabengele,Florida State,3,55,380,143,81,19,.383,.301,.852,6.9,2.6,1.5,0.3,0.4,.055,-3.6,-0.2
28,28,GSW,Jordan Poole,Michigan,6,397,10998,6674,1078,1499,.420,.343,.878,27.7,16.8,2.7,3.8,10.7,.047,-1.8,0.4
29,29,SAS,Keldon Johnson,Kentucky,6,353,10184,5529,1893,761,.467,.354,.760,28.8,15.7,5.4,2.2,15.9,.075,-1.4,1.7
30,30,MIL,Kevin Porter Jr.,USC,5,253,7003,3533,1037,1170,.432,.347,.720,27.7,14.0,4.1,4.6,4.6,.031,-1.6,0.7
31,31,BRK,Nic Claxton,Georgia,6,297,7656,3056,2296,501,.637,.118,.542,25.8,10.3,7.7,1.7,25.1,.158,1.4,6.5
32,32,PHO,KZ Okpala,Stanford,4,98,965,222,148,47,.409,.286,.667,9.8,2.3,1.5,0.5,1.0,.050,-4.7,-0.7
33,33,PHI,Carsen Edwards,Purdue,3,72,706,267,79,52,.364,.297,.758,9.8,3.7,1.1,0.7,0.3,.019,-5.1,-0.5
34,34,PHI,Bruno Fernando,Maryland,6,220,2326,872,712,161,.543,.122,.653,10.6,4.0,3.2,0.7,3.8,.078,-3.0,-0.6
35,35,ATL,Didi Louzada,,2,12,185,43,20,8,.326,.355,1.000,15.4,3.6,1.7,0.7,-0.1,-.034,-8.1,-0.3
36,36,CHO,Cody Martin,Nevada,6,245,5472,1541,913,564,.440,.319,.658,22.3,6.3,3.7,2.3,7.3,.064,-1.6,0.5
37,37,DAL,Deividas Sirvydis,,2,23,160,44,35,6,.300,.314,.500,7.0,1.9,1.5,0.3,-0.1,-.032,-5.9,-0.2
38,38,CHI,Daniel Gafford,Arkansas,6,372,7378,3423,2089,390,.709,.000,.674,19.8,9.2,5.6,1.0,30.6,.199,1.9,7.2
39,39,NOP,Alen Smailagić,,2,29,223,87,43,17,.463,.304,.720,7.7,3.0,1.5,0.6,0.3,.056,-3.3,-0.1
40,40,SAC,Justin James,Wyoming,2,72,542,228,62,40,.446,.343,.544,7.5,3.2,0.9,0.6,0.3,.024,-3.1,-0.2
41,41,GSW,Eric Paschall,Villanova,3,158,3086,1552,509,214,.494,.326,.758,19.5,9.8,3.2,1.4,5.0,.078,-2.2,-0.1
42,42,PHI,Admiral Schofield,Tennessee,4,131,1372,426,215,78,.417,.326,.782,10.5,3.3,1.6,0.6,1.2,.043,-4.6,-0.9
43,43,MIN,Jaylen Nowell,Washington,6,205,3519,1815,445,380,.442,.316,.792,17.2,8.9,2.2,1.9,4.7,.064,-2.1,-0.1
44,44,MIA,Bol Bol,Oregon,6,195,2705,1217,702,122,.544,.328,.746,13.9,6.2,3.6,0.6,4.9,.087,-0.5,1.0
45,45,DET,Isaiah Roby,Nebraska,4,151,2858,1159,667,216,.485,.351,.675,18.9,7.7,4.4,1.4,4.0,.068,-2.3,-0.2
46,46,ORL,Talen Horton-Tucker,Iowa State,6,294,5758,2699,783,833,.425,.301,.769,19.6,9.2,2.7,2.8,5.5,.046,-2.0,0.0
47,47,SAC,Ignas Brazdeikis,Michigan,3,64,838,318,122,58,.416,.315,.686,13.1,5.0,1.9,0.9,0.4,.024,-4.9,-0.6
48,48,LAC,Terance Mann,Florida State,6,395,8716,3160,1400,761,.501,.375,.780,22.1,8.0,3.5,1.9,20.5,.113,-0.8,2.7
49,49,SAS,Quinndary Weatherspoon,Mississippi State,3,42,272,88,32,24,.452,.188,.826,6.5,2.1,0.8,0.6,0.2,.030,-5.5,-0.2
50,50,IND,Jarrell Brantley,College of Charleston,3,41,273,110,53,29,.457,.380,.833,6.7,2.7,1.3,0.7,0.6,.108,0.0,0.1
51,51,BOS,Tremont Waters,LSU,3,40,407,149,37,85,.354,.296,.960,10.2,3.7,0.9,2.1,0.1,.012,-3.0,-0.1
52,52,CHO,Jalen McDaniels,San Diego State,6,252,4550,1699,829,292,.449,.322,.777,18.1,6.7,3.3,1.2,5.3,.056,-3.3,-1.5
53,53,UTA,Justin Wright-Foreman,Hofstra,1,4,45,19,5,7,.350,.200,.750,11.3,4.8,1.3,1.8,0.0,-.008,-9.0,-0.1
54,54,PHI,Marial Shayok,Iowa State,1,4,28,11,7,1,.250,.333,.750,7.0,2.8,1.8,0.3,-0.1,-.130,-13.0,-0.1
55,55,NYK,Kyle Guy,Virginia,3,53,431,165,53,50,.361,.303,.750,8.1,3.1,1.0,0.9,0.1,.006,-4.9,-0.3
56,56,LAC,Jaylen Hands,UCLA,,,,,,,,,,,,,,,,,
57,57,NOP,Jordan Bone,Tennessee,2,24,249,68,28,26,.378,.286,,10.4,2.8,1.2,1.1,0.1,.010,-5.9,-0.2
58,58,GSW,Miye Oni,Yale,3,80,672,145,108,37,.350,.330,.750,8.4,1.8,1.4,0.5,1.0,.070,-2.5,-0.1
59,59,TOR,Dewan Hernandez,Miami (FL),1,6,28,14,14,3,.357,.500,.600,4.7,2.3,2.3,0.5,0.0,.043,-9.6,-0.1
60,60,SAC,Vanja Marinković,,,,,,,,,,,,,,,,,,