,,,Round 1,Round 1,,Totals,Totals,Totals,Totals,Totals,Shooting,Shooting,Shooting,Per Game,Per Game,Per Game,Per Game,Advanced,Advanced,Advanced,Advanced
Rk,Pk,Tm,Player,College,Yrs,G,MP,PTS,TRB,AST,FG%,3P%,FT%,MP,PTS,TRB,AST,WS,WS/48,BPM,VORP
1,1,MIN,Anthony Edwards,Georgia,5,365,12688,8633,1944,1530,.445,.365,.801,34.8,23.7,5.3,4.2,22.5,.085,1.5,11.2
2,2,GSW,James Wiseman,Memphis,4,148,2799,1350,830,110,.560,.262,.683,18.9,9.1,5.6,0.7,4.3,.074,-3.9,-1.4
3,3,CHO,LaMelo Ball,,5,225,7194,4723,1363,1653,.421,.363,.833,32.0,21.0,6.1,7.3,13.5,.090,2.9,8.9
4,4,CHI,Patrick Williams,Florida State,5,259,7093,2483,1073,373,.451,.394,.775,27.4,9.6,4.1,1.4,8.0,.054,-2.2,-0.4
5,5,CLE,Isaac Okoro,Auburn,5,317,8412,2586,884,521,.465,.353,.731,26.5,8.2,2.8,1.6,15.3,.087,-2.0,-0.1
6,6,ATL,Onyeka Okongwu,USC,5,291,6383,2708,1884,355,.622,.307,.748,21.9,9.3,6.5,1.2,23.2,.174,0.5,4.1
7,7,DET,Killian Hayes,,5,216,5641,1758,637,1121,.383,.281,.777,26.1,8.1,2.9,5.2,-0.2,-.001,-3.8,-2.6
8,8,NYK,Obi Toppin,Dayton,5,343,5843,2843,1152,393,.523,.349,.775,17.0,8.3,3.4,1.1,15.4,.127,0.9,4.3
9,9,WAS,Deni Avdija,,5,347,9244,3731,2107,942,.459,.330,.748,26.6,10.8,6.1,2.7,12.7,.066,-1.4,1.5
10,10,PHO,Jalen Smith,Maryland,5,263,4263,2231,1387,211,.506,.337,.755,16.2,8.5,5.3,0.8,11.6,.131,-0.2,1.9
11,11,SAS,Devin Vassell,Florida State,5,287,7887,4000,1065,742,.443,.365,.804,27.5,13.9,3.7,2.6,10.9,.066,-0.6,2.7
12,12,SAC,Tyrese Haliburton,Iowa State,5,319,10554,5576,1165,2800,.476,.393,.857,33.1,17.5,3.7,8.8,35.0,.159,4.6,17.6
13,13,NOP,Kira Lewis Jr.,Alabama,4,131,1745,687,169,233,.397,.294,.848,13.3,5.2,1.3,1.8,1.3,.036,-3.5,-0.6
14,14,BOS,Aaron Nesmith,Vanderbilt,5,271,5721,2321,871,290,.457,.376,.820,21.1,8.6,3.2,1.1,9.0,.075,-2.1,-0.2
15,15,ORL,Cole Anthony,UNC,5,313,7830,3968,1353,1207,.419,.344,.847,25.0,12.7,4.3,3.9,10.5,.064,-0.6,2.7
16,16,POR,Isaiah Stewart,Washington,5,294,7277,2540,2109,381,.503,.343,.730,24.8,8.6,7.2,1.3,14.4,.095,-1.9,0.2
17,17,MIN,Aleksej Pokusevski,,4,168,3429,1253,778,327,.391,.304,.702,20.4,7.5,4.6,1.9,-0.2,-.002,-3.1,-1.0
18,18,DAL,Josh Green,Arizona,5,281,6186,1857,764,432,.484,.378,.683,22.0,6.6,2.7,1.5,9.3,.072,-2.8,-1.3
19,19,BRK,Saddiq Bey,Villanova,4,292,8804,4103,1532,538,.408,.352,.842,30.2,14.1,5.2,1.8,14.6,.079,-0.7,2.9
20,20,MIA,Precious Achiuwa,Memphis,5,304,6124,2322,1742,302,.486,.306,.610,20.1,7.6,5.7,1.0,11.7,.092,-2.2,-0.2
21,21,PHI,Tyrese Maxey,Kentucky,5,318,10187,6202,952,1403,.461,.381,.866,32.0,19.5,3.0,4.4,26.8,.126,1.3,8.6
22,22,DEN,Zeke Nnaji,Arizona,5,238,2838,1008,543,91,.515,.364,.652,11.9,4.2,2.3,0.4,6.4,.108,-2.7,-0.5
23,23,NYK,Leandro Bolmaro,,2,49,309,56,50,28,.270,.227,.846,6.3,1.1,1.0,0.6,-0.3,-.048,-7.8,-0.5
24,24,MIL,R.J. Hampton,,4,170,3116,1155,466,307,.408,.338,.679,18.3,6.8,2.7,1.8,0.8,.013,-3.8,-1.4
25,25,OKC,Immanuel Quickley,Kentucky,5,316,8085,4407,1065,1149,.422,.375,.857,25.6,13.9,3.4,3.6,20.6,.122,1.1,6.4
26,26,BOS,Payton Pritchard,Oregon,5,331,6533,2915,885,826,.452,.403,.861,19.7,8.8,2.7,2.5,19.5,.143,1.2,5.3
27,27,UTA,Udoka Azubuike,Kansas,4,84,724,256,235,14,.758,,.444,8.6,3.0,2.8,0.2,2.0,.133,-1.5,0.1
28,28,LAL,Jaden McDaniels,Washington,5,350,9984,3614,1445,535,.483,.350,.754,28.5,10.3,4.1,1.5,17.0,.082,-1.8,0.4
29,29,TOR,Malachi Flynn,San Diego State,5,217,3076,1184,376,414,.387,.333,.747,14.2,5.5,1.7,1.9,2.9,.045,-2.6,-0.5
30,30,BOS,Desmond Bane,TCU,5,297,8741,5245,1350,1099,.472,.408,.879,29.4,17.7,4.5,3.7,24.1,.132,2.4,9.7
31,31,DAL,Tyrell Terry,Stanford,2,13,59,13,6,6,.353,.000,.333,4.5,1.0,0.5,0.5,0.0,-.035,-4.8,0.0
32,32,CHO,Vernon Carey Jr.,Duke,3,37,187,72,50,5,.474,.143,.654,5.1,1.9,1.4,0.1,0.2,.058,-6.3,-0.2
33,33,MIN,Daniel Oturu,Minnesota,2,33,188,63,53,10,.431,.167,.706,5.7,1.9,1.6,0.3,0.3,.086,-5.2,-0.2
34,34,PHI,Théo Maledon,,4,177,3753,1373,489,518,.372,.310,.793,21.2,7.8,2.8,2.9,-0.2,-.002,-4.6,-2.4
35,35,SAC,Xavier Tillman Sr.,Michigan State,5,256,4147,1385,973,317,.511,.257,.574,16.2,5.4,3.8,1.2,10.1,.117,-0.1,2.0
36,36,PHI,Tyler Bey,Colorado,1,18,71,18,19,3,.318,.250,.600,3.9,1.0,1.1,0.2,0.0,-.033,-9.5,-0.1
37,37,WAS,Vit Krejci,,4,121,2224,634,287,233,.440,.364,.750,18.4,5.2,2.4,1.9,2.8,.060,-3.0,-0.5
38,38,UTA,Saben Lee,Vanderbilt,4,134,1943,697,260,378,.421,.271,.734,14.5,5.2,1.9,2.8,3.5,.085,-1.4,0.3
39,39,NOP,Elijah Hughes,Syracuse,2,54,498,157,67,28,.328,.280,.769,9.2,2.9,1.2,0.5,-0.4,-.039,-6.4,-0.5
40,40,MEM,Robert Woodard II,Mississippi State,2,25,87,27,27,5,.278,.200,.500,3.5,1.1,1.1,0.2,-0.1,-.077,-7.7,-0.1
41,41,SAS,Tre Jones,Duke,5,292,6275,2401,804,1350,.484,.306,.839,21.5,8.2,2.8,4.6,13.7,.105,-0.6,2.2
42,42,NOP,Nick Richards,Kentucky,5,246,4424,1784,1447,151,.645,.200,.734,18.0,7.3,5.9,0.6,13.0,.141,-2.2,-0.2
43,43,SAC,Jahmi'us Ramsey,Texas Tech,3,39,349,147,45,21,.416,.271,.680,8.9,3.8,1.2,0.5,-0.1,-.008,-5.4,-0.3
44,44,CHI,Marko Simonovic,,2,16,55,23,12,0,.273,.222,.692,3.4,1.4,0.8,0.0,0.0,-.026,-12.3,-0.1
45,45,MIL,Jordan Nwora,Louisville,4,206,3359,1564,659,216,.433,.376,.807,16.3,7.6,3.2,1.0,3.0,.043,-2.8,-0.7
46,46,POR,CJ Elleby,Washington State,2,88,1366,407,259,97,.390,.275,.717,15.5,4.6,2.9,1.1,0.5,.018,-5.2,-1.1
47,47,BOS,Yam Madar,,,,,,,,,,,,,,,,,,
48,48,GSW,Nico Mannion,Arizona,1,30,364,123,46,70,.342,.367,.821,12.1,4.1,1.5,2.3,0.2,.029,-3.9,-0.2
49,49,PHI,Isaiah Joe,Arkansas,5,305,5026,2219,593,328,.427,.397,.828,16.5,7.3,1.9,1.1,11.9,.114,-0.1,2.4
50,50,ATL,Skylar Mays,LSU,4,105,1111,451,122,182,.445,.345,.859,10.6,4.3,1.2,1.7,2.1,.092,-0.7,0.4
51,51,GSW,Justinian Jessup,Boise State,,,,,,,,,,,,,,,,,
52,52,SAC,KJ Martin,,5,301,6514,2615,1234,356,.548,.337,.671,21.6,8.7,4.1,1.2,12.5,.092,-1.6,0.6
53,53,OKC,Cassius Winston,Michigan State,2,29,137,55,10,19,.409,.435,.900,4.7,1.9,0.3,0.7,0.1,.051,-4.9,-0.1
54,54,IND,Cassius Stanley,Duke,2,33,248,88,39,5,.360,.233,.895,7.5,2.7,1.2,0.2,0.0,-.006,-7.9,-0.4
55,55,BRK,Jay Scrubb,John A. Logan College,3,24,235,97,36,10,.416,.313,.765,9.8,4.0,1.5,0.4,-0.1,-.014,-6.6,-0.3
56,56,CHO,Grant Riller,College of Charleston,1,7,27,18,1,3,.667,.500,,3.9,2.6,0.1,0.4,0.1,.177,5.1,0.0
57,57,LAC,Reggie Perry,Mississippi State,2,36,398,170,120,26,.459,.189,.679,11.1,4.7,3.3,0.7,0.4,.048,-5.5,-0.3
58,58,PHI,Paul Reed,DePaul,5,251,3161,1244,996,199,.553,.306,.708,12.6,5.0,4.0,0.8,11.4,.173,0.8,2.3
59,59,TOR,Jalen Harris,Nevada,1,13,172,96,18,17,.500,.472,.778,13.2,7.4,1.4,1.3,0.3,.079,0.3,0.1
60,60,NOP,Sam Merrill,Utah State University,5,157,2474,1018,276,214,.405,.389,.924,15.8,6.5,1.8,1.4,6.2,.119,0.2,1.3