,,,Round 1,Round 1,,Totals,Totals,Totals,Totals,Totals,Shooting,Shooting,Shooting,Per Game,Per Game,Per Game,Per Game,Advanced,Advanced,Advanced,Advanced
Rk,Pk,Tm,Player,College,Yrs,G,MP,PTS,TRB,AST,FG%,3P%,FT%,MP,PTS,TRB,AST,WS,WS/48,BPM,VORP
1,1,DET,Cade Cunningham,Oklahoma State,4,198,6680,4296,1060,1447,.442,.340,.858,33.7,21.7,5.4,7.3,6.1,.044,0.6,4.4
2,2,HOU,Jalen Green,,4,290,9495,5815,1221,960,.422,.341,.801,32.7,20.1,4.2,3.3,9.5,.048,-1.3,1.7
3,3,CLE,Evan Mobley,USC,4,255,8297,4151,2280,732,.549,.305,.696,32.5,16.3,8.9,2.9,26.9,.155,2.2,8.8
4,4,TOR,Scottie Barnes,Florida State,4,262,9128,4506,1964,1296,.467,.299,.768,34.8,17.2,7.5,4.9,18.7,.098,1.7,8.5
5,5,ORL,Jalen Suggs,Gonzaga,4,211,5580,2598,702,698,.419,.329,.779,26.4,12.3,3.3,3.3,5.5,.047,-1.1,1.2
6,6,OKC,Josh Giddey,,4,270,7859,3748,1994,1602,.463,.327,.765,29.1,13.9,7.4,5.9,12.5,.076,1.0,5.9
7,7,GSW,Jonathan Kuminga,,4,243,5360,3042,979,422,.512,.342,.692,22.1,12.5,4.0,1.7,11.5,.103,-0.9,1.5
8,8,ORL,Franz Wagner,Michigan,4,277,8922,5230,1321,1000,.475,.325,.850,32.2,18.9,4.8,3.6,20.2,.109,0.7,6.2
9,9,SAC,Davion Mitchell,Baylor,4,284,6119,2087,480,901,.438,.338,.692,21.5,7.3,1.7,3.2,4.4,.034,-3.4,-2.2
10,10,NOP,Ziaire Williams,Stanford,4,200,4156,1622,626,245,.419,.308,.813,20.8,8.1,3.1,1.2,4.3,.050,-3.6,-1.6
11,11,CHO,James Bouknight,UConn,3,79,900,383,133,73,.363,.335,.762,11.4,4.8,1.7,0.9,-0.3,-.017,-5.9,-0.9
12,12,SAS,Joshua Primo,Alabama,3,56,1068,318,127,99,.371,.300,.750,19.1,5.7,2.3,1.8,-0.3,-.011,-5.3,-0.9
13,13,IND,Chris Duarte,Oregon,4,177,3231,1348,467,231,.406,.349,.813,18.3,7.6,2.6,1.3,1.8,.027,-3.0,-0.8
14,14,GSW,Moses Moody,Arkansas,4,238,3778,1619,521,196,.455,.370,.766,15.9,6.8,2.2,0.8,7.6,.097,-1.3,0.7
15,15,WAS,Corey Kispert,Gonzaga,4,289,7494,3201,812,425,.475,.384,.802,25.9,11.1,2.8,1.5,9.2,.059,-2.3,-0.6
16,16,OKC,Alperen Şengün,,4,271,7624,4303,2295,1087,.520,.274,.701,28.1,15.9,8.5,4.0,21.0,.132,2.7,9.0
17,17,MEM,Trey Murphy III,Virginia,4,247,6748,3390,961,454,.455,.383,.873,27.3,13.7,3.9,1.8,18.5,.132,1.4,5.8
18,18,OKC,Tre Mann,Florida,4,181,3856,1707,513,415,.411,.350,.788,21.3,9.4,2.8,2.3,2.0,.025,-3.3,-1.2
19,19,NYK,Kai Jones,Texas,3,96,855,261,188,29,.617,.217,.680,8.9,2.7,2.0,0.3,1.6,.087,-2.9,-0.2
20,20,ATL,Jalen Johnson,Duke,4,184,4335,2023,1155,470,.504,.323,.712,23.6,11.0,6.3,2.6,8.4,.093,0.9,3.2
21,21,NYK,Keon Johnson,Tennessee,4,144,2648,1111,357,261,.371,.316,.769,18.4,7.7,2.5,1.8,-0.5,-.009,-4.5,-1.7
22,22,LAL,Isaiah Jackson,Kentucky,4,163,2438,1170,697,116,.595,.206,.671,15.0,7.2,4.3,0.7,7.7,.151,-0.1,1.1
23,23,HOU,Usman Garuba,,3,105,1228,276,397,82,.467,.363,.625,11.7,2.6,3.8,0.8,2.3,.090,-1.4,0.2
24,24,HOU,Josh Christopher,Arizona State,3,146,2148,965,260,227,.453,.276,.734,14.7,6.6,1.8,1.6,0.1,.003,-4.0,-1.1
25,25,LAC,Quentin Grimes,Houston,4,229,5461,2174,676,413,.444,.377,.765,23.8,9.5,3.0,1.8,10.4,.092,-0.4,2.2
26,26,DEN,Bones Hyland,VCU,4,182,3157,1757,402,484,.398,.364,.848,17.3,9.7,2.2,2.7,4.2,.065,-0.9,0.9
27,27,BRK,Cam Thomas,LSU,4,213,4916,3204,546,429,.440,.345,.860,23.1,15.0,2.6,2.0,5.5,.053,-1.9,0.2
28,28,PHI,Jaden Springer,Tennessee,4,99,810,273,125,71,.412,.266,.779,8.2,2.8,1.3,0.7,1.3,.076,-2.2,0.0
29,29,PHO,Day'Ron Sharpe,UNC,4,183,2607,1178,1017,209,.551,.306,.651,14.2,6.4,5.6,1.1,7.9,.146,-0.8,0.8
30,30,UTA,Santi Aldama,Loyola (MD),4,223,4985,2153,1164,406,.459,.346,.694,22.4,9.7,5.2,1.8,11.7,.112,0.7,3.4
31,31,MIL,Isaiah Todd,,2,18,135,29,24,8,.222,.192,.500,7.5,1.6,1.3,0.4,-0.3,-.124,-10.2,-0.3
32,32,NYK,Jeremiah Robinson-Earl,Villanova,4,181,3096,1054,748,168,.437,.340,.793,17.1,5.8,4.1,0.9,5.3,.082,-2.1,-0.1
33,33,ORL,Jason Preston,Ohio University,2,21,195,53,39,43,.400,.238,.000,9.3,2.5,1.9,2.0,0.1,.023,-2.6,0.0
34,34,OKC,Rokas Jokubaitis,,,,,,,,,,,,,,,,,,
35,35,NOP,Herbert Jones,Alabama,4,240,7255,2433,915,593,.477,.366,.824,30.2,10.1,3.8,2.5,15.7,.104,-0.4,3.0
36,36,OKC,Miles McBride,West Virginia,4,226,3759,1370,327,373,.407,.360,.780,16.6,6.1,1.4,1.7,7.3,.093,-0.9,1.0
37,37,DET,JT Thor,Auburn,4,175,2062,559,352,85,.423,.326,.663,11.8,3.2,2.0,0.5,1.2,.028,-4.3,-1.2
38,38,CHI,Ayo Dosunmu,Illinois,4,279,7814,2856,811,912,.502,.361,.773,28.0,10.2,2.9,3.3,12.5,.077,-1.8,0.4
39,39,SAC,Neemias Queta,Utah State University,4,98,1200,468,360,61,.622,.000,.695,12.2,4.8,3.7,0.6,4.5,.182,-0.9,0.3
40,40,NOP,Jared Butler,Baylor,4,130,1529,748,172,319,.460,.333,.800,11.8,5.8,1.3,2.5,2.0,.063,-1.2,0.3
41,41,SAS,Joe Wieskamp,Iowa,2,38,255,70,18,12,.329,.309,.538,6.7,1.8,0.5,0.3,0.1,.013,-5.3,-0.2
42,42,DET,Isaiah Livers,Michigan,3,94,2051,581,248,87,.407,.358,.789,21.8,6.2,2.6,0.9,1.6,.037,-3.2,-0.6
43,43,NOP,Greg Brown III,Texas,3,70,773,268,163,42,.424,.296,.616,11.0,3.8,2.3,0.6,0.2,.015,-5.1,-0.6
44,44,BRK,Kessler Edwards,Pepperdine,4,173,2126,604,368,109,.421,.349,.788,12.3,3.5,2.1,0.6,2.5,.057,-3.0,-0.5
45,45,BOS,Juhann Begarin,,,,,,,,,,,,,,,,,,
46,46,TOR,Dalano Banton,Nebraska,4,201,2806,1320,446,370,.411,.314,.722,14.0,6.6,2.2,1.8,2.1,.036,-1.2,0.6
47,47,TOR,David Johnson,Louisville,1,2,2,0,0,0,.000,.000,,1.0,0.0,0.0,0.0,0.0,-.495,-27.7,0.0
48,48,ATL,Sharife Cooper,Auburn,1,13,39,7,5,5,.214,.167,,3.0,0.5,0.4,0.4,-0.2,-.297,-16.3,-0.1
49,49,BRK,Marcus Zegarowski,Creighton,,,,,,,,,,,,,,,,,
50,50,PHI,Filip Petrušev,Gonzaga,1,3,10,3,1,0,.500,,.500,3.3,1.0,0.3,0.0,0.0,.029,-8.0,0.0
51,51,MEM,Brandon Boston Jr.,Kentucky,4,147,2346,1101,327,176,.412,.328,.781,16.0,7.5,2.2,1.2,1.1,.022,-3.7,-1.0
52,52,DET,Luka Garza,Iowa,4,116,942,578,243,50,.486,.305,.698,8.1,5.0,2.1,0.4,2.8,.140,-2.2,0.0
53,53,PHI,Charles Bassey,Western Kentucky,4,111,1244,488,482,93,.633,.231,.648,11.2,4.4,4.3,0.8,3.8,.147,0.5,0.8
54,54,IND,Sandro Mamukelashvili,Seton Hall,4,172,1881,805,513,157,.468,.345,.723,10.9,4.7,3.0,0.9,4.2,.108,-0.4,0.8
55,55,OKC,Aaron Wiggins,Maryland,4,263,5200,2191,822,341,.509,.394,.790,19.8,8.3,3.1,1.3,12.3,.113,-0.9,1.4
56,56,CHO,Scottie Lewis,Florida,1,2,7,1,0,1,,,.500,3.5,0.5,0.0,0.5,0.0,.164,6.0,0.0
57,57,CHO,Balša Koprivica,Florida State,,,,,,,,,,,,,,,,,
58,58,NYK,Jericho Sims,Texas,4,187,2530,448,736,101,.714,.000,.585,13.5,2.4,3.9,0.5,6.7,.127,-1.7,0.2
59,59,BRK,RaiQuan Gray,Florida State,2,4,74,39,16,13,.552,.417,1.000,18.5,9.8,4.0,3.3,0.2,.149,2.9,0.1
60,60,IND,Georgios Kalaitzakis,,1,13,213,86,21,12,.463,.385,.467,16.4,6.6,1.6,0.9,-0.1,-.024,-7.0,-0.3