,,,Round 1,Round 1,,Totals,Totals,Totals,Totals,Totals,Shooting,Shooting,Shooting,Per Game,Per Game,Per Game,Per Game,Advanced,Advanced,Advanced,Advanced
Rk,Pk,Tm,Player,College,Yrs,G,MP,PTS,TRB,AST,FG%,3P%,FT%,MP,PTS,TRB,AST,WS,WS/48,BPM,VORP
1,1,ORL,Paolo Banchero,Duke,3,184,6314,4018,1272,852,.442,.320,.725,34.3,21.8,6.9,4.6,9.5,.072,0.5,3.9
2,2,OKC,Chet Holmgren,Gonzaga,2,102,2942,1649,813,237,.522,.364,.784,28.8,16.2,8.0,2.3,10.9,.178,3.3,4.0
3,3,HOU,Jabari Smith Jr.,Auburn,3,198,6198,2565,1470,262,.429,.339,.802,31.3,13.0,7.4,1.3,10.6,.082,-1.8,0.3
4,4,SAC,Keegan Murray,Iowa,3,218,7081,2901,1204,314,.451,.372,.811,32.5,13.3,5.5,1.4,13.1,.089,-1.1,1.6
5,5,DET,Jaden Ivey,Purdue,3,181,5419,2917,676,802,.429,.352,.746,29.9,16.1,3.7,4.4,1.6,.015,-2.7,-0.9
6,6,IND,Bennedict Mathurin,Arizona,3,194,5518,3082,863,346,.449,.346,.826,28.4,15.9,4.4,1.8,5.5,.048,-3.4,-1.9
7,7,POR,Shaedon Sharpe,Kentucky,3,170,4594,2310,629,341,.447,.335,.784,27.0,13.6,3.7,2.0,3.5,.037,-2.6,-0.7
8,8,NOP,Dyson Daniels,,3,180,4439,1429,760,548,.465,.330,.619,24.7,7.9,4.2,3.0,8.0,.087,0.3,2.5
9,9,SAS,Jeremy Sochan,Baylor,3,173,4738,1954,1065,497,.466,.292,.723,27.4,11.3,6.2,2.9,3.8,.039,-2.9,-1.1
10,10,WAS,Johnny Davis,Wisconsin,3,112,1278,395,175,71,.397,.273,.561,11.4,3.5,1.6,0.6,-0.3,-.013,-6.2,-1.3
11,11,NYK,Ousmane Dieng,,3,107,1331,466,236,114,.424,.293,.727,12.4,4.4,2.2,1.1,1.7,.063,-2.7,-0.2
12,12,OKC,Jalen Williams,Santa Clara,3,207,6486,3709,952,892,.512,.381,.805,31.3,17.9,4.6,4.3,19.8,.147,2.1,6.8
13,13,CHO,Jalen Duren,Memphis,3,190,5051,2154,1942,383,.651,.000,.700,26.6,11.3,10.2,2.0,16.5,.157,0.6,3.3
14,14,CLE,Ochai Agbaji,Kansas,3,191,4307,1461,535,231,.448,.349,.725,22.5,7.6,2.8,1.2,3.9,.043,-2.7,-0.8
15,15,CHO,Mark Williams,Duke,3,93,2136,1117,794,110,.618,.000,.738,23.0,12.0,8.5,1.2,8.6,.194,1.8,2.0
16,16,ATL,AJ Griffin,Duke,2,92,1572,687,171,78,.447,.372,.898,17.1,7.5,1.9,0.8,1.8,.053,-1.7,0.1
17,17,HOU,Tari Eason,LSU,3,147,3312,1481,915,173,.462,.346,.739,22.5,10.1,6.2,1.2,7.6,.110,0.6,2.2
18,18,CHI,Dalen Terry,Arizona,3,155,1618,496,233,173,.449,.274,.645,10.4,3.2,1.5,1.1,2.0,.060,-2.9,-0.4
19,19,MIN,Jake LaRavia,Wake Forest,3,129,2420,880,434,229,.422,.366,.752,18.8,6.8,3.4,1.8,4.1,.081,-1.2,0.5
20,20,SAS,Malaki Branham,Ohio State,3,178,3449,1504,367,309,.435,.331,.850,19.4,8.4,2.1,1.7,-0.6,-.008,-5.4,-3.0
21,21,DEN,Christian Braun,Kansas,3,222,4977,1940,813,343,.517,.379,.749,22.4,8.7,3.7,1.5,11.9,.114,-1.1,1.2
22,22,MEM,Walker Kessler,Auburn,3,187,4688,1765,1704,206,.700,.250,.544,25.1,9.4,9.1,1.1,16.5,.169,2.1,4.9
23,23,PHI,David Roddy,Colorado State,3,165,2810,1031,483,172,.422,.305,.684,17.0,6.2,2.9,1.0,1.7,.030,-4.0,-1.4
24,24,MIL,MarJon Beauchamp,,3,130,1453,544,251,76,.429,.358,.704,11.2,4.2,1.9,0.6,1.1,.035,-4.2,-0.8
25,25,SAS,Blake Wesley,Notre Dame,3,138,1875,564,200,334,.410,.286,.644,13.6,4.1,1.4,2.4,-0.5,-.014,-5.9,-1.8
26,26,DAL,Wendell Moore Jr.,Duke,3,80,540,155,93,50,.447,.217,.864,6.8,1.9,1.2,0.6,0.8,.067,-2.1,0.0
27,27,MIA,Nikola Jović,,3,107,2256,928,403,231,.450,.370,.804,21.1,8.7,3.8,2.2,4.6,.098,-0.1,1.1
28,28,GSW,Patrick Baldwin Jr.,UW-Milwaukee,3,91,820,337,185,42,.401,.366,.658,9.0,3.7,2.0,0.5,0.5,.028,-3.4,-0.3
29,29,MEM,TyTy Washington Jr.,Kentucky,3,52,582,187,62,64,.347,.231,.591,11.2,3.6,1.2,1.2,-0.3,-.029,-6.7,-0.7
30,30,OKC,Peyton Watson,UCLA,3,155,2903,1024,466,172,.472,.332,.690,18.7,6.6,3.0,1.1,4.9,.080,-1.9,0.1
31,31,IND,Andrew Nembhard,Gonzaga,3,190,5126,1818,491,862,.467,.342,.797,27.0,9.6,2.6,4.5,5.3,.049,-2.6,-0.7
32,32,ORL,Caleb Houstan,Michigan,3,152,2100,569,223,75,.367,.350,.845,13.8,3.7,1.5,0.5,2.8,.063,-3.4,-0.8
33,33,TOR,Christian Koloko,Arizona,2,87,1048,245,235,43,.518,.071,.657,12.0,2.8,2.7,0.5,2.5,.117,-3.1,-0.3
34,34,OKC,Jaylin Williams,Arkansas,3,154,2398,753,669,272,.421,.373,.755,15.6,4.9,4.3,1.8,6.5,.130,0.6,1.6
35,35,LAL,Max Christie,Michigan State,3,170,3133,1002,405,200,.430,.376,.837,18.4,5.9,2.4,1.2,4.0,.061,-2.8,-0.6
36,36,POR,Gabriele Procida,,,,,,,,,,,,,,,,,,
37,37,SAC,Jaden Hardy,,3,167,2394,1317,291,238,.422,.380,.764,14.3,7.9,1.7,1.4,0.7,.014,-3.8,-1.1
38,38,SAS,Kennedy Chandler,Tennessee,1,36,281,78,38,58,.422,.133,.462,7.8,2.2,1.1,1.6,0.3,.044,-2.7,0.0
39,39,CLE,Khalifa Diop,,,,,,,,,,,,,,,,,,
40,40,MIN,Bryce McGowens,Nebraska,3,115,1692,561,196,106,.420,.324,.766,14.7,4.9,1.7,0.9,0.7,.020,-5.4,-1.5
41,41,NOP,E.J. Liddell,Ohio State,2,15,56,19,10,4,.375,.231,1.000,3.7,1.3,0.7,0.3,0.0,.031,-3.2,0.0
42,42,NYK,Trevor Keels,Duke,1,3,8,3,2,0,.250,.250,,2.7,1.0,0.7,0.0,0.0,-.062,-13.0,0.0
43,43,LAC,Moussa Diabaté,Michigan,3,88,1273,386,439,56,.572,.250,.590,14.5,4.4,5.0,0.6,3.5,.133,-1.7,0.1
44,44,ATL,Ryan Rollins,Toledo,3,65,630,269,90,71,.458,.376,.830,9.7,4.1,1.4,1.1,0.7,.056,-1.6,0.1
45,45,CHO,Josh Minott,Memphis,3,84,419,181,79,27,.466,.286,.886,5.0,2.2,0.9,0.3,1.2,.138,0.8,0.3
46,46,DET,Ismael Kamagate,,,,,,,,,,,,,,,,,,
47,47,MEM,Vince Williams Jr.,VCU,3,81,1802,660,357,207,.429,.337,.793,22.2,8.1,4.4,2.6,2.9,.078,-1.4,0.3
48,48,MIN,Kendall Brown,Baylor,2,21,103,30,11,8,.545,.000,.600,4.9,1.4,0.5,0.4,0.1,.055,-5.3,-0.1
49,49,CLE,Isaiah Mobley,USC,2,22,156,54,30,9,.423,.333,.800,7.1,2.5,1.4,0.4,0.3,.087,-3.8,-0.1
50,50,MIN,Matteo Spagnolo,,,,,,,,,,,,,,,,,,
51,51,GSW,Tyrese Martin,UConn,2,62,1035,405,179,77,.404,.340,.783,16.7,6.5,2.9,1.2,0.5,.024,-3.2,-0.3
52,52,NOP,Karlo Matković,,1,27,463,155,122,26,.530,.324,.778,17.1,5.7,4.5,1.0,0.8,.082,-2.9,-0.1
53,53,BOS,JD Davison,Alabama,3,29,144,47,22,24,.400,.350,.727,5.0,1.6,0.8,0.8,0.2,.065,-3.2,0.0
54,54,WAS,Yannick Nzosa,,,,,,,,,,,,,,,,,,
55,55,GSW,Gui Santos,,2,63,740,256,171,71,.479,.353,.800,11.7,4.1,2.7,1.1,2.0,.129,-1.5,0.1
56,56,CLE,Luke Travers,,1,9,55,8,12,5,.273,.000,1.000,6.1,0.9,1.3,0.6,0.0,-.040,-8.6,-0.1
57,57,POR,Jabari Walker,Colorado,3,177,2899,1089,812,137,.460,.315,.735,16.4,6.2,4.6,0.8,4.7,.078,-3.3,-1.0
58,58,IND,Hugo Besson,,,,,,,,,,,,,,,,,,