,,,Round 1,Round 1,,Totals,Totals,Totals,Totals,Totals,Shooting,Shooting,Shooting,Per Game,Per Game,Per Game,Per Game,Advanced,Advanced,Advanced,Advanced
Rk,Pk,Tm,Player,College,Yrs,G,MP,PTS,TRB,AST,FG%,3P%,FT%,MP,PTS,TRB,AST,WS,WS/48,BPM,VORP
1,1,SAS,Victor Wembanyama,,2,117,3633,2638,1261,442,.469,.339,.809,31.1,22.5,10.8,3.8,7.6,.100,5.7,7.0
2,2,CHO,Brandon Miller,Alabama,2,101,3307,1847,446,273,.428,.366,.837,32.7,18.3,4.4,2.7,1.4,.021,-1.8,0.1
3,3,POR,Scoot Henderson,,2,120,3309,1605,368,634,.403,.341,.801,27.6,13.4,3.1,5.3,0.1,.002,-3.9,-1.6
4,4,HOU,Amen Thompson,,2,122,3340,1432,909,381,.545,.206,.689,27.4,11.7,7.5,3.1,11.0,.158,2.7,3.9
5,5,DET,Ausar Thompson,,2,106,2517,967,617,218,.511,.192,.593,23.7,9.1,5.8,2.1,4.5,.086,-0.7,0.8
6,6,ORL,Anthony Black,Arkansas,2,131,2646,871,306,283,.431,.336,.703,20.2,6.6,2.3,2.2,3.1,.057,-2.8,-0.6
7,7,IND,Bilal Coulibaly,,2,122,3663,1259,550,309,.427,.311,.728,30.0,10.3,4.5,2.5,0.9,.012,-3.9,-1.8
8,8,WAS,Jarace Walker,Houston,2,92,1245,442,234,121,.442,.375,.671,13.5,4.8,2.5,1.3,1.3,.050,-1.1,0.3
9,9,UTA,Taylor Hendricks,Central Florida,2,43,931,306,200,34,.434,.368,.788,21.7,7.1,4.7,0.8,1.2,.064,-1.8,0.1
10,10,DAL,Cason Wallace,Kentucky,2,138,3220,999,378,262,.474,.384,.810,23.3,7.2,2.7,1.9,8.2,.122,0.3,1.9
11,11,ORL,Jett Howard,Michigan,2,71,669,255,70,46,.358,.299,.708,9.4,3.6,1.0,0.6,0.3,.020,-3.9,-0.3
12,12,OKC,Dereck Lively II,Duke,2,87,2062,775,629,144,.729,.000,.567,23.7,8.9,7.2,1.7,8.2,.192,1.7,2.0
13,13,TOR,Gradey Dick,Kansas,2,114,2855,1287,325,166,.416,.356,.859,25.0,11.3,2.9,1.5,1.5,.025,-4.2,-1.6
14,14,NOP,Jordan Hawkins,UConn,2,114,2257,1035,276,123,.378,.351,.832,19.8,9.1,2.4,1.1,1.0,.021,-4.1,-1.2
15,15,ATL,Kobe Bufkin,Michigan,2,27,320,134,54,44,.374,.220,.654,11.9,5.0,2.0,1.6,-0.1,-.012,-4.3,-0.2
16,16,UTA,Keyonte George,Baylor,2,128,3688,1867,412,645,.392,.338,.821,28.8,14.6,3.2,5.0,0.9,.012,-3.4,-1.2
17,17,LAL,Jalen Hood-Schifino,Indiana,2,23,123,38,14,9,.239,.133,.636,5.3,1.7,0.6,0.4,-0.5,-.178,-14.5,-0.4
18,18,MIA,Jaime Jaquez Jr.,UCLA,2,127,3239,1342,519,325,.474,.312,.793,25.5,10.6,4.1,2.6,5.7,.084,-1.8,0.1
19,19,GSW,Brandin Podziemski,Santa Clara,2,124,3238,1188,670,444,.443,.353,.693,26.1,9.6,5.4,3.6,6.9,.102,-0.1,1.6
20,20,HOU,Cam Whitmore,Villanova,2,89,1581,964,310,72,.440,.346,.701,17.8,10.8,3.5,0.8,2.8,.086,-0.1,0.8
21,21,BRK,Noah Clowney,Alabama,2,62,1264,501,235,49,.409,.349,.804,20.4,8.1,3.8,0.8,1.6,.060,-2.8,-0.2
22,22,BRK,Dariq Whitehead,Duke,2,12,83,42,10,4,.438,.462,.400,6.9,3.5,0.8,0.3,0.0,.006,0.6,0.1
23,23,POR,Kris Murray,Iowa,2,116,2090,594,346,126,.416,.265,.551,18.0,5.1,3.0,1.1,1.3,.029,-3.2,-0.6
24,24,SAC,Olivier-Maxence Prosper,Marquette,2,92,920,322,205,62,.396,.260,.658,10.0,3.5,2.2,0.7,1.5,.076,-2.4,-0.1
25,25,MEM,Marcus Sasser,Houston,2,118,1987,861,178,341,.439,.373,.866,16.8,7.3,1.5,2.9,2.4,.057,-2.0,0.0
26,26,IND,Ben Sheppard,Belmont,2,106,1808,550,222,115,.418,.341,.898,17.1,5.2,2.1,1.1,2.6,.069,-2.5,-0.2
27,27,CHO,Nick Smith Jr.,Arkansas,2,96,1717,699,160,150,.385,.356,.897,17.9,7.3,1.7,1.6,-1.1,-.030,-6.0,-1.8
28,28,UTA,Brice Sensabaugh,Ohio State,2,86,1594,776,246,131,.429,.360,.912,18.5,9.0,2.9,1.5,0.3,.011,-3.3,-0.5
29,29,IND,Julian Strawther,Gonzaga,2,111,1896,799,193,128,.414,.337,.796,17.1,7.2,1.7,1.2,1.4,.036,-5.0,-1.4
30,30,LAC,Kobe Brown,Missouri,2,72,607,155,115,42,.440,.265,.714,8.4,2.2,1.6,0.6,0.9,.072,-3.1,-0.2
31,31,DET,James Nnaji,,,,,,,,,,,,,,,,,,
32,32,IND,Jalen Pickett,Penn State,2,59,480,155,50,77,.448,.385,.833,8.1,2.6,0.8,1.3,0.7,.074,-2.3,0.0
33,33,SAS,Leonard Miller,,2,27,79,47,31,8,.529,.200,.900,2.9,1.7,1.1,0.3,0.4,.258,4.8,0.1
34,34,CHO,Colby Jones,Xavier,2,54,322,90,63,27,.402,.188,.545,6.0,1.7,1.2,0.5,0.1,.020,-4.1,-0.2
35,35,BOS,Julian Phillips,Tennessee,2,103,1181,366,165,38,.434,.323,.732,11.5,3.6,1.6,0.4,1.4,.055,-4.3,-0.7
36,36,ORL,Andre Jackson Jr.,UConn,2,113,1473,334,280,126,.479,.387,.621,13.0,3.0,2.5,1.1,2.1,.069,-3.5,-0.6
37,37,OKC,Hunter Tyson,Clemson,2,60,359,105,69,16,.372,.302,.696,6.0,1.8,1.2,0.3,0.2,.023,-6.8,-0.4
38,38,SAC,Jordan Walsh,Arkansas,2,51,423,83,74,21,.380,.288,.571,8.3,1.6,1.5,0.4,0.6,.069,-3.2,-0.1
39,39,CHO,Mouhamed Gueye,Washington State,2,23,350,134,79,17,.413,.259,.826,15.2,5.8,3.4,0.7,0.7,.097,-0.2,0.2
40,40,DEN,Maxwell Lewis,Pepperdine,2,47,154,21,14,9,.235,.231,.667,3.3,0.4,0.3,0.2,-0.5,-.148,-11.7,-0.4
41,41,CHO,Amari Bailey,UCLA,1,10,65,23,9,7,.333,.125,.857,6.5,2.3,0.9,0.7,-0.1,-.044,-8.3,-0.1
42,42,WAS,Tristan Vukcevic,,2,31,363,213,96,31,.457,.294,.776,11.7,6.9,3.1,1.0,0.5,.065,-1.7,0.0
43,43,POR,Rayan Rupert,,2,80,940,244,138,80,.354,.330,.756,11.8,3.1,1.7,1.0,-0.1,-.007,-6.2,-1.0
44,44,SAS,Sidy Cissoko,,2,32,201,67,33,16,.490,.211,.619,6.3,2.1,1.0,0.5,0.3,.083,-3.0,-0.1
45,45,MEM,GG Jackson II,South Carolina,2,70,1600,878,265,84,.422,.353,.746,22.9,12.5,3.8,1.2,1.5,.044,-2.5,-0.2
46,46,ATL,Seth Lundy,Penn State,1,9,52,14,7,0,.235,.231,.750,5.8,1.6,0.8,0.0,-0.1,-.092,-12.7,-0.1
47,47,LAL,Mojave King,,,,,,,,,,,,,,,,,,
48,48,LAC,Jordan Miller,Miami (FL),2,41,432,159,63,33,.439,.231,.800,10.5,3.9,1.5,0.8,0.5,.054,-2.7,-0.1
49,49,CLE,Emoni Bates,Eastern Michigan,2,22,160,47,14,14,.270,.273,.250,7.3,2.1,0.6,0.6,-0.4,-.106,-9.9,-0.3
50,50,OKC,Keyontae Johnson,Kansas State,1,9,66,11,10,4,.313,.333,,7.3,1.2,1.1,0.4,-0.1,-.068,-9.8,-0.1
51,51,BRK,Jalen Wilson,Kansas,2,106,2321,792,343,158,.402,.319,.834,21.9,7.5,3.2,1.5,2.4,.049,-4.0,-1.2
52,52,PHO,Toumani Camara,Dayton,2,134,3833,1203,721,224,.450,.353,.751,28.6,9.0,5.4,1.7,5.5,.069,-1.9,0.1
53,53,MIN,Jaylen Clark,UCLA,1,24,359,107,31,14,.452,.436,.778,15.0,4.5,1.3,0.6,1.0,.128,-1.1,0.1
54,54,SAC,Jalen Slawson,Furman University,1,12,37,8,7,2,.667,.000,,3.1,0.7,0.6,0.2,0.0,.058,-6.4,0.0
55,55,IND,Isaiah Wong,Miami (FL),2,21,269,122,32,28,.389,.382,.735,12.8,5.8,1.5,1.3,0.1,.016,-4.2,-0.1
56,56,MEM,Tarik Biberovic,,,,,,,,,,,,,,,,,,
57,57,WAS,Trayce Jackson-Davis,Indiana,2,120,2044,914,630,180,.643,.000,.573,17.0,7.6,5.3,1.5,7.9,.186,2.1,2.1
58,58,MIL,Chris Livingston,Kentucky,2,35,159,43,43,7,.459,.100,.667,4.5,1.2,1.2,0.2,0.1,.030,-6.4,-0.2